 25.3857
 25.3379
 25.5720
 25.7026
 25.6531
 25.7692
 25.6207
 26.0291
 25.9760
 26.0859
 26.1033
 25.6205
 25.1643
 25.0523
 25.1534
 25.4384
 25.2844
 25.0159
 24.8926
 26.2391
 26.1459
 26.0238
 26.0705
 25.6518
 25.4407
 25.3273
 25.7178
 25.7706
 25.3766
 25.2719
 24.5810
 25.1686
 25.6639
 25.8102
 25.6819
 25.8059
 25.3891
 25.2746
 25.2910
 25.5115
 25.2498
 25.3782
 24.6048
 25.3920
 25.8486
 25.7997
 26.0063
 25.6984
 24.9246
 25.5490
 25.3204
 25.4908
 25.3161
 25.2022
 25.3245
 26.4698
 26.7295
 26.2964
 26.4911
 25.9906
