 22.1219
 22.2397
 21.8767
 21.9243
 22.2827
 22.3085
 22.0642
 22.2605
 22.5014
 21.9553
 22.0062
 21.9004
 22.0935
 22.3354
 22.1519
 22.1126
 22.2522
 22.4207
 22.2113
 22.3831
 22.6297
 22.4930
 22.7719
 22.5264
 23.0890
 22.6858
 23.0417
 22.9193
 22.3332
 22.4247
 22.1625
 22.2068
 22.6541
 22.6092
 22.1744
 22.1940
 22.5129
 22.8127
 22.8378
 22.8771
 22.6352
 22.5234
 22.7756
 22.3509
 22.6640
 22.3389
 22.3852
 22.4108
 22.2755
 22.5353
 22.7074
 22.5348
 22.7153
 22.5669
 22.4755
 22.8391
 23.3293
 23.0112
 22.5149
 23.0657
