 23.0128
 23.1026
 22.7542
 22.6094
 22.9292
 22.9178
 22.6696
 22.8804
 23.1184
 22.7244
 22.7242
 22.5949
 22.9012
 23.0775
 22.7811
 22.7630
 22.8367
 22.9742
 22.7666
 22.9338
 23.1773
 23.1434
 23.4424
 23.2221
 23.8934
 23.4157
 23.6131
 23.5101
 22.9573
 22.9767
 22.6862
 22.7654
 23.2308
 23.2644
 22.9141
 22.9848
 23.3138
 23.5313
 23.5400
 23.4046
 23.2026
 23.0892
 23.2195
 22.8812
 23.2452
 22.9802
 23.0844
 23.1755
 23.0075
 23.3242
 23.4763
 23.1584
 23.3207
 23.1474
 23.0626
 23.4201
 23.9400
 23.6640
 23.2115
 23.7333
