 25.4196
 25.2657
 25.5481
 25.5014
 25.8168
 26.3126
 26.2883
 26.9380
 26.6904
 26.3597
 26.1420
 26.0783
 25.4598
 25.1762
 25.3807
 25.6571
 25.7473
 25.7217
 25.8660
 26.9849
 26.9791
 26.8821
 26.7841
 25.9105
 26.0554
 25.6288
 25.9752
 25.9943
 25.7662
 25.9215
 25.3724
 26.1429
 26.3990
 26.6647
 25.8385
 26.2864
 25.8171
 25.4856
 25.6475
 25.8591
 25.7383
 26.0828
 25.7471
 26.2343
 26.8113
 26.2646
 26.4639
 26.2105
 25.4799
 25.9476
 25.6009
 25.9006
 25.8015
 26.0584
 26.4115
 27.6649
 28.0861
 27.6123
 27.3368
 26.9406
