 -0.2129
 -0.1877
 -0.4787
 -0.4797
 -0.1201
 -0.1033
 -0.2113
 -0.0957
 -0.2239
 -0.4308
 -0.3511
 -0.5473
 -0.3245
 -0.2128
 -0.4519
 -0.3261
 -0.2126
 -0.0468
 -0.1143
 -0.0424
 -0.1650
 -0.0119
  0.3671
  0.0800
  0.6677
  0.1255
  0.3802
  0.4210
 -0.0920
 -0.0443
 -0.1947
 -0.2108
 -0.1115
  0.1091
 -0.1612
 -0.1573
  0.0881
  0.2410
  0.3071
  0.3155
  0.1533
  0.0681
  0.3386
 -0.0950
 -0.0972
 -0.1751
  0.0090
  0.0334
 -0.2183
  0.0339
  0.2434
  0.0693
  0.2714
  0.1263
  0.1817
  0.4440
  0.5976
  0.5087
  0.1362
  0.5912
