 -0.2267
 -0.2350
 -0.0824
 -0.2811
  0.0428
  0.2932
  0.3512
  0.1450
 -0.3028
 -0.3970
 -0.3710
 -0.2070
 -0.1866
 -0.3246
 -0.2498
 -0.1254
 -0.0267
 -0.2977
 -0.0711
  0.1919
 -0.0140
  0.1254
  0.2710
 -0.3747
  0.4090
  0.1280
  0.3447
  0.2118
 -0.0078
 -0.0979
 -0.5646
 -0.6501
 -0.5942
 -0.0920
 -0.6745
  0.0011
  0.1708
 -0.0152
  0.0170
  0.0766
 -0.0358
  0.0634
 -0.1900
 -0.5587
 -0.1819
 -0.4921
 -0.0491
 -0.0748
 -0.1665
  0.4468
 -0.0296
  0.1181
  0.0275
  0.0391
  0.4744
  0.8720
  1.0930
  0.8557
  0.8237
  0.6554
